"worker_id" "reward" "consistency" "parameter"
"175c923b-6b6e-4fc1-9e17-4f912faaaa3a" 1 0.888888888888889 0.001
"175c923b-6b6e-4fc1-9e17-4f912faaaa3a" 2 1 0.000632455532033676
"175c923b-6b6e-4fc1-9e17-4f912faaaa3a" 3 1 0.00016
"24cc8fd3-7890-4683-974e-38ed3c645838" 1 1 0.25
"24cc8fd3-7890-4683-974e-38ed3c645838" 2 1 0.25
"24cc8fd3-7890-4683-974e-38ed3c645838" 3 1 0.1
"A07375212LC8D25XBGZ1J" 1 1 0.006
"A07375212LC8D25XBGZ1J" 2 0.888888888888889 0.00979795897113271
"A07375212LC8D25XBGZ1J" 3 0.888888888888889 0.00621446501190772
"A110KENBXU7SUJ" 1 1 0.1
"A110KENBXU7SUJ" 2 1 0.016
"A110KENBXU7SUJ" 3 1 0.00979795897113271
"A11YS0T8MV3Q7C" 1 1 0.1
"A11YS0T8MV3Q7C" 2 1 0.041
"A11YS0T8MV3Q7C" 3 1 0.041
"A16ICTTBPD7Q6Y" 1 1 0.000632455532033676
"A16ICTTBPD7Q6Y" 2 1 0.00016
"A16ICTTBPD7Q6Y" 3 1 0.00016
"A16TESTJICU76L" 1 0.888888888888889 0.0117927370799407
"A16TESTJICU76L" 2 0.888888888888889 0.00979795897113271
"A16TESTJICU76L" 3 0.888888888888889 0.041
"A1945USNZHTROX" 1 1 0.0025
"A1945USNZHTROX" 2 0.888888888888889 0.00979795897113271
"A1945USNZHTROX" 3 1 0.0025
"A1GYO6CJMVA9ZA" 1 1 0.0256124969497314
"A1GYO6CJMVA9ZA" 2 1 0.016
"A1GYO6CJMVA9ZA" 3 1 0.1
"A1IM92Q6UK32DV" 1 0.777777777777778 0.00016
"A1IM92Q6UK32DV" 2 0.888888888888889 0.00016
"A1IM92Q6UK32DV" 3 0.888888888888889 0.00016
"A1IQL14PO7OLJH" 1 0.888888888888889 0.0256124969497314
"A1IQL14PO7OLJH" 2 0.888888888888889 0.00979795897113271
"A1IQL14PO7OLJH" 3 0.888888888888889 0.00621446501190772
"A1NM7ZPZ3NH412" 1 1 0.1
"A1NM7ZPZ3NH412" 2 0.888888888888889 0.00979795897113271
"A1NM7ZPZ3NH412" 3 1 0.00979795897113271
"A1OK974KXKO6FJ" 1 1 0.1
"A1OK974KXKO6FJ" 2 0.888888888888889 0.00979795897113271
"A1OK974KXKO6FJ" 3 1 0.00979795897113271
"A1T9IKE8GV4LR4" 1 1 0.25
"A1T9IKE8GV4LR4" 2 1 0.1
"A1T9IKE8GV4LR4" 3 1 0.25
"A2541C8MY0BYV3" 1 1 0.1
"A2541C8MY0BYV3" 2 0.888888888888889 0.016
"A2541C8MY0BYV3" 3 1 0.25
"A2HHGI5CNSS5PD" 1 0.888888888888889 0.001
"A2HHGI5CNSS5PD" 2 1 0.0025
"A2HHGI5CNSS5PD" 3 1 0.0025
"A2I3Y0L38HMQLZ" 1 1 0.006
"A2I3Y0L38HMQLZ" 2 1 0.0025
"A2I3Y0L38HMQLZ" 3 0.888888888888889 0.00621446501190772
"A2NA2OJT15COZY" 1 1 0.0256124969497314
"A2NA2OJT15COZY" 2 1 0.016
"A2NA2OJT15COZY" 3 0.888888888888889 0.00621446501190772
"A2OXXHGAM7B0Y" 1 1 0.0025
"A2OXXHGAM7B0Y" 2 1 0.0025
"A2OXXHGAM7B0Y" 3 0.888888888888889 0.00621446501190772
"A2RRBSTJ7H3G2B" 1 1 0.1
"A2RRBSTJ7H3G2B" 2 1 0.016
"A2RRBSTJ7H3G2B" 3 1 0.00979795897113271
"A2VM5D9YRFCM9W" 1 1 0.1
"A2VM5D9YRFCM9W" 2 0.888888888888889 0.00979795897113271
"A2VM5D9YRFCM9W" 3 1 0.041
"A2W59CL4UQ3S4S" 1 0.888888888888889 0.158113883008419
"A2W59CL4UQ3S4S" 2 0.888888888888889 0.101242283656583
"A2W59CL4UQ3S4S" 3 0.888888888888889 0.00979795897113271
"A2WGW5Y3ZFBDEC" 1 1 0.0025
"A2WGW5Y3ZFBDEC" 2 0.888888888888889 0.00979795897113271
"A2WGW5Y3ZFBDEC" 3 1 0.00979795897113271
"A2YKW761AK4ZGY" 1 1 0.1
"A2YKW761AK4ZGY" 2 0.888888888888889 0.041
"A2YKW761AK4ZGY" 3 1 0.041
"A333STM8M95GJX" 1 1 0.0256124969497314
"A333STM8M95GJX" 2 1 0.016
"A333STM8M95GJX" 3 1 0.00979795897113271
"A35EI6GDSC0EY8" 1 0.777777777777778 0.0256124969497314
"A35EI6GDSC0EY8" 2 1 0.041
"A35EI6GDSC0EY8" 3 0.666666666666667 0.0124466595457696
"A366JCV00ETS7V" 1 1 0.0256124969497314
"A366JCV00ETS7V" 2 1 0.041
"A366JCV00ETS7V" 3 0.777777777777778 0.00621446501190772
"A3EHI7J2E5DSJK" 1 0.888888888888889 0.0256124969497314
"A3EHI7J2E5DSJK" 2 1 0.25
"A3EHI7J2E5DSJK" 3 1 0.25
"A3NDYVCFCYRPT9" 1 0.888888888888889 0.158113883008419
"A3NDYVCFCYRPT9" 2 1 0.1
"A3NDYVCFCYRPT9" 3 1 0.1
"A3UC45GKCAZ7ZU" 1 0.888888888888889 0.0256124969497314
"A3UC45GKCAZ7ZU" 2 1 0.006
"A3UC45GKCAZ7ZU" 3 1 0.0025
"A40LU73SS18IW" 1 1 0.006
"A40LU73SS18IW" 2 0.888888888888889 0.00979795897113271
"A40LU73SS18IW" 3 1 0.00979795897113271
"A6RHP75VV3265" 1 0.888888888888889 0.001
"A6RHP75VV3265" 2 0.888888888888889 0.00016
"A6RHP75VV3265" 3 0.888888888888889 0.000632455532033676
"AAM0Q3DCSSQ0A" 1 0.888888888888889 0.0025
"AAM0Q3DCSSQ0A" 2 1 0.006
"AAM0Q3DCSSQ0A" 3 1 0.0025
"ACRKDBKAS8GM1" 1 1 0.25
"ACRKDBKAS8GM1" 2 1 0.25
"ACRKDBKAS8GM1" 3 1 0.25
"AT7THGIGM9XN5" 1 0.888888888888889 0.158113883008419
"AT7THGIGM9XN5" 2 1 0.041
"AT7THGIGM9XN5" 3 1 0.1
"AW4AHMQ7EN4QI" 1 1 0.1
"AW4AHMQ7EN4QI" 2 0.888888888888889 0.00979795897113271
"AW4AHMQ7EN4QI" 3 0.888888888888889 0.00621446501190772
